7577970,6317795
7591303,4015182
7093086,6931558
6857022,7016977
8521642,8352357,8635150,7930237
8108492,8346894,8037158,5987500
8394406,8206740
8394405,8206740
8287320,8323060,8313353,7114990
8187334,8623088,7815682,5860973
7840486,5826243,8036988
7653572,7499872,7899704
8037158,8108492
7790869,7713698,7270951,8088575
7250105,6258229
8312226,8370583,8069225
7999721,6233589,6204798
8058897,7397272,7827336
8317070,5697543,4304236
7347011,2150730,8266749,5345638,8042288,7814598
7818214,8027883
8313353,8323060,7114990,8287320
8121904,8212904
7899704,7653572,7499872
7348575,4346164
8381473,6866928,3241662,6298624
6931558,7093086,6205527,7191299
7032089,6976039
8323060,8287320,8313353,7114990
8323630,8268299,8388941
8014917,4939652
7587469,5367667
7203752,7463151,6360102,7024205
7664701,6697960
7024205,7463151,7203752
7783299,6782264
7463151,7203752,6592032,7024205
8388941,8323630,8268299
7155241,6333973,5487100,6233430
7319740,8213578,6603835,5809112,7003082,7555104,6233314
7921186,5623656,7587469
8444696,5306309,5192327
7860222,6141406,7092494,7191133
8033458,8118221,7942317,8061598,5915019
7228429,5019803,6697103
7617116,7603382,5367664,8083137
7024387,5101353
7141906,7122935,8179014,7990018,7417354
7516484,5436857,6999792
6998973,6486773
8479246,7870592
7276543,6042943
8438055,8671012,8452646,8626608,8155679,8457670,8620736,7664516
8090598,8140358
7062749,7603674
7056712,7351410,7655226
8283505,8304588,4349628
7774280,6389538,8001053,5634012
7877269,7124088
7023913,5200818
8118221,7942317,8061598,8033458
7566537,7057026,8158346,7566517
7977575,7663061,5399813,7339116,6222130,5789711
6981007,5903881
7057026,6664079
8213578,6603835,5809112,7319740,7003082,7555104,5163081
8088575,7713698,7270951,5547839,7790869
7139736,6963859,7225160,7269576,7523072,7359884
8155679,8438055,8452646,8671012,8636608,8457670,8620736,7664516
8457670,8438055,8452646,8671012,8636608,8155679,8620736,7664516
8318430,7332277
8065352,7499946,7092957
8140358,5243530,7228211,4651157,6957133,5446757
8179014,5043619
6871325,8146077,6982733
8408598,8408343,8181992
7994609,7286071,6903918,7439570,7238981
7942317,8118221,8061598,8033458
7122935,5043619
8027883,7818214
7065637,7093005,5394522
7191299,6799258,6785789,6931558,7093086
6948021,6757748
7542035,5903782,8077176
8304588,8283505,4349628
8364295,8401682
7095917,5903687,5177348,4838631,6798729
8286561,6872441
7945539,5475826
7356498,7980457,8266044
7712683,7131603
8095413,6444557
7516192,5827180,7587469
6888204,6444533,4027380
8195415,7888017
8013884,5423619
7912740,8468038,7333939,8200513
7523072,7359884,6963859,7139736,7225160,7269576
7110936,5572650,6851107,6356285
6961508,7171103
8370583,8312226,8069225
8635150,8352357,7930237,8521642
8434282,8381473
8180489,6657546
7499872,7653572,7899704
8212094,4992605
7655226,7351410,7056712
8051011,7590602,8195578,2221399
8408343,8408598
7806360,3102702,7802749
8224381,7580005
8352357,8635150,7930237,8521642
8464767,7624938
8185408,7333937
7603674,7062749
7269576,6963859,7139736,7225160,7523072,7359884
7566960,6970362,6891258,6319829,6730540
8158346,5547839
8402281,6321201
8379801,7428702,7881441
7590602,8051011,5915023,8195578
7986426,6771381
7003082,8213578,6603835,5724405,7319740,7555104,6233314
7663061,2058046,7339116
7461353,7831926
8452646,8671012,8457670,8155679,8636608,8620736
8268299,8323630,8388941
8601154,7035914,5323148
7631191,5606609
7333937,8185408
7124088,7877269
7670536,7080978,5620723,6210144,5624695
8346894,8037158,5987500,8346892,8108492
6883446,4192241
8176267,7518879
7555104,8213578,6603835,5809112,7319740,7003082,6233314
7499946,8065352,7092957
8381573,7934577
6970183,6697103
7930237,8352357,8635150,8521642
7544094,7147509
8468038,7912740,8200513
8062968,6970362,6002168,6469908,7566960,6891258
8266044,7356498,7980457
7664516,8438055,8452646,8626608,8671012,8155679,8457670,8620736
7980457,7356498,8266044
7831926,7461353
8402115,7502838,5768510,6362836
7171103,6961508
8239451,8326924
8251997,5015247,5192327
7092957,8065352,7499946
8195578,7590602,8051011,5915023
7633673,7286587
8200513,7912740,8468038
7840420,5331549,5263123
8077176,7542035
7477284,5737491
8145268,7580005
8019479,4473338,4021700,5819848
8061598,8118221,7942317,8033458
7733371,6697103
8326924,8239451
7731558,4096379,3289149,1552227,5018980,4223377,3418438,6019486,2731614,7080927,6241371,8371894
8036988,7840486,5826243
7351410,7655226,7056712
7267828,5820918,5731083,4538603,4551490
7135641,5796046,6441308
8361156,8623088
7630802,5513107
8019501,5400018
7713698,7270951,8088575,5547839,7790869
7650210,5400018,4926331
7518879,7352601
6963859,7225160,7269576,7139736,7523072,7359884
8079413,4595052,7350582,4437516,8496052,8459346
7417354,5043619
8273183,3936899,4100641
8401682,8364295
8298123,5702323
7990018,7122935,7141906,8179014,5043619,7417354
