7783299,4169245,4083003,4053890,4404655,6873290,7023383,7271765,7072656,7013147,7187905
7591303,3995443,4359875,4448157,6889762,7150159
8313353,3936132,3970355,3963320,3963321,3976352,3985418,4079343,3980805,3960428,3953097,4030798,3972013,4168921,4053200,4017139,4022966,4126372,4046451,4106839,4059330,4090028,4109126,4082404,4153320,4131332,4093335,4125308,4150250,4165911,4187481,4250348,4156554,4173385,4174875,4285564,4225162,4229714,4322121,4227765,4307926,4296986,4408821,4290663,4280749,4358174,4326769,4339166,4373767,4408822,4421377,4346958,4484796,4389081,4407529,4354721,4452503,4400050,4490576,4469386,4444453,4456323,4426127,4462653,4484792,4470657,4412717,4464000,4464001,6848940,7102868,7161785,6884115,6848939,7299550,6939169,6884113,6971912,7118416,6929508,7131868,7029326,7086897,7950958,7845976,7828595,7833053,8172612,7955126,7479035,7114990,7229303,7144271,7727011,7830154,7375533,7255598,7147509,7097499,7179121,7125283,7070447,7972158,7393245,7156696,7252546,8062044,7452239,7753705,7494355,7462068,7507117,7794275,7404737,7566236,7682177,7544094,7497729,7476127,7455550,7488210,7892004,7811133,7887354,7607942,8075337,8062063,8113875,7806714,8029315,7824216,7806725,7674132,7892005,8192237,7753727,7845978,7857661,7850487,7892024,7927135
7587469,4130881,4004577,4051522,3996928,4412287,4060915,4151831,4150284,4151407,4173971,4216462,4227526,4270547,4253521,4347568,4296756,4422081,4259548,4417306,4360345,4347851,4449536,4428733,4465077,4473884
8317070,3940844,4129059,4213562,4321002,4305539,4340331,4261244,4272662,4275813,4250436,4429695,4396139,4317451,4289133,4428376,4331277,4380312,4353371,4349028,4489875,4347450,4451743,4379457,4454887,4383634,4485816,4475679,4402445,4415112,4442964,4408692,4467805,7296724,6877647,7087071,7237708,7235089,6986451,7128253,7278562,7472814,7225964,7044353,7258262,7118582,7083571,6866671,7278994,7303107,6953139,6866178,6874669,7025743,7806891,7524320,6923803,7001380,6878106,7070559,7048687,7108695,6849071,7032798,6981941,7077856,6843403,6846308,6846309,6846307,7114642,7217285,6913613,7267679,7075770,7018390,7179267,7156863,6984203,6972199,7303556,7140527,7568604,7055730,7398907,7611038,6913608,6843789,6893435,6872214,7081114,7090684,6997931,7766894,7080769,7234624,6945444,7090673,7473253,7351258,7063712,7235302,7108709,7691098,7208005,7008435,7563862,6929641,7153300,6984231,6966907,7282048,7220272,7300450,7052494,7252660,7108701,7334717,7631793,7188758,7032799,6905497,7083073,7803151,7207233,7122028,6974462,6939358,6942662,7211084,6990796,7056284,7104741,7530985,7494499,6966909,7247161,7776060,7128748,7070083,7846149,7377928,7207471,7056330,6960163,7743960,7744627,7112214,7220260,7033356,7071287,7179223,6981978,7214224,7001408,7546940,7303106,7726537,7037344,7348763,7131445,6931830,7195627,7211081,6960220,7133601,7651498,7241288,7674255,7160299,7815565,7431694,6988649,7641093,7000818,7044352,6978921,7140528,7143923,7682307,7090637,7424965,7494039,7159750,7168604,7213736,6964363,6981628,7111769,7055731,6959851,7547312,7303108,7083075,6905057,7094202,6959852,7000819,7434715,7029435,7364060,7556186,7686826,7338513,7147650,7397364,7147637,7439354,7161036,7207472,7147139,6988650,7324572,7204835,7967180,7172104,7143924,7097089,7225963,6953138,7972298,7066944,7388217,7036680,7566300,7098794,7260431,7828808,7150748,7059508,7485133,7143925,7147138,7506790,7404509,7210609,7182239,7128254,7336184,7824401,7699204,7255696,7322975,7121446,7328829,7568619,7143926,7455208,7784662,7780054,7780055,7297149,7418078,7615003,7722610,7464847,7845534,7909191,7717312,7461767,7870989,8002795,7909221,7330004,7265374,7295907,7959050,7404508,7419080,7641092,7481349,7398908,7726538,7828794,7934630,7246734,7481824,8172124,8161977,7575144,8157153,8167185,7771396,7836400,7278563,7552854,7780685,7721930,7721931,7738971,7900805,7954682,7721936,7434717,7422136,7431188,7490749,8056787,7950560,7887530,7832611,7798386,7810693,8157145,7905380,7832408,8196796,7819299,7588175,7731072,7665646,7588176,7510107,7549564,7604150,7597229,7441685,7954684,7753245,7845533,7658311,7735703,8186560,7669747,7673782,7438209,7604151,7600663,7556185,7624902,7922063,7766209,7819296,7861906,7857185,7913891,7819297,7819298,7810692,8196795,7866527,7793812,8113410,7959051,7980443,7922061,7942303,8011551,7837080,8083120,7832612,7857186,7954686,7905381,8020743,7918377,8066167,8141762,8136712
8058897
8037158,7107244,7213003,7383226,7240031,7080051,6850996,7340506,7389514,7076784,7296004,7392223,6856974,7366697,7120602,7302411,7366696,6931111,6948063,7334128,6839677,7146338,7330831,7302408,7251656,7177846,7395243,6932268,7395319,7175074,7600027,7451400,7590550
7790869,7056666,7459275,7037687,6864052,7105300,7056661,6911345,6982146,6934636,7078499,7345159,7057031,7057026,7427673,7566537,7074597,7414116
7032089
6931558
8381473,3969564,4012544,4152473,4114346,4196254,4242389,4322516,4340633,4489115,6984952,6850024,7464510,6908656,8220221,7757457,6861118,6888459,7148803,6977579,7039522,7721502,7245215,7242303,7225980,7672780,7339523
8312226,7200847,7714747,7113962,7035214,6859842,6978384,7380006,7383329,7069342,7383348,7215667,7145889,7242681,7451237,7243094,7388844,7020750,6910106,7120666,7007044,7639700,7266645,7318100,7746781,7197597,7417991,7457315,7389357,7471629,7366829,7389393,7555484,7420992,7676554,7620870,7571343,7453379,7532134,7619545
8394405,4293539,6953593,7211267,7232572,7014858,7008631,6913768
8394406,4293539,6953593,7211267,7232572,7014858,7008631,6913768
7203752,6842774
8521642,4495581,4462473,7930237,7324968
8323630,7074827,7445771
8121904,3949159,4186438,4134537,4258478,4149246,4297724,4261012,4359631,4449186,4486774,6850252
7899704,7571849,7516883,6965868,7580877
7250105
7664701,7337144
6857022
7347011,4211806,4255949,4317292,4373361,4447967,6910288,6931762,7051460
7653572,7571849,7516883,6965868,7580877
8014917,3965733,4258421,4369426,4344136,4300040,4340810,4277772,4475404
8187334,4026304,4026305,6986788,6964687,6984245,7018416,6989031,6923814,6979353,6942698
8108492,7240031,7107244,7213003,7383226,7080051,6850996,7340506,7389514,7076784,7296004,7392223,6856974,7120602,7366697,7366696,7302411,6931111,7334128,6948063,6839677,7146338,7330831,7302408,7251656,7177846,7395243,6932268,7395319,7175074,7600027,7451400,7590550
7024205
8287320,3936132,3970355,3963320,3963321,3976352,3985418,4079343,3980805,3953097,4030798,3972013,4168921,4053200,4017139,4022966,4126372,4046451,4106839,4059330,4090028,4082404,4153320,4131332,4093335,4125308,4150250,4165911,4187481,4250348,4156554,4173385,4174875,4285564,4225162,4229714,4322121,4227765,4307926,4296986,4408821,4290663,4280749,4358174,4326769,4339166,4373767,4408822,4421377,4346958,4484796,4389081,4407529,4354721,4452503,4400050,4490576,4469386,4444453,4456323,4426127,4462653,4484792,4470657,4412717,4464000,4464001,6848940,7102868,7161785,6884115,6848939,7299550,6939169,6884113,6971912,7118416,6929508,7070477,7131868,7029326,7086897,7845976,7833053,7950958,7828595,7955126,8172612,7114990,7479035,7229303,7144271,7727011,7375533,7830154,7255598,7147509,7097499,7125283,7070447,7393245,7156696,7252546,7452239,8062044,7753705,7494355,7462068,7507117,7794275,7404737,7566236,7682177,7544094,7476127,7497729,7455550,7488210,7811133,7887354,7607942,8029315,7824216,7674132,7806725,7892005,8192237,7845978,7857661,7874870,7850487,7892024,7927135
7093086
7348575,4346164,6873476
7840486,3938091,4423316
7818214
7999721,4025920,4492952
7577970,4085422,4012583,4081754,4246495,4229765,4305131,4449198,4348696,4386436,4475132
8323060,3936132,3970355,3963320,3963321,3976352,3985418,4079343,3980805,3960428,3953097,4030798,3972013,4168921,4053200,4017139,4022966,4126372,4046451,4106839,4059330,4090028,4109126,4082404,4153320,4131332,4093335,4125308,4150250,4165911,4187481,4250348,4156554,4173385,4174875,4285564,4225162,4229714,4322121,4227765,4307926,4296986,4408821,4290663,4280749,4358174,4326769,4339166,4373767,4408822,4421377,4346958,4484796,4389081,4407529,4354721,4452503,4400050,4490576,4469386,4444453,4456323,4426127,4462653,4484792,4470657,4412717,4464000,4464001,6848940,7102868,7161785,6884115,6848939,7299550,6939169,6884113,6971912,7118416,6929508,7029326,7131868,7086897,7833053,7845976,7828595,7950958,8172612,7479035,7114990,7955126,7229303,7144271,7727011,7375533,7830154,7255598,7147509,7097499,7179121,7125283,7070447,7972158,7393245,7156696,7252546,7452239,8062044,7753705,7494355,7462068,7507117,7794275,7404737,7566236,7682177,7544094,7476127,7497729,7455550,7488210,7892004,7811133,7887354,7607942,8075337,8113875,8062063,7806714,8029315,7824216,7806725,7674132,7892005,7753727,8192237,7845978,7857661,7850487,7892024,7927135
8065352
7057026
7024387
7228429,4179685,4163283,4197536
8479246,8191091,7343614,6973669,7395545,7730515,6959288,7694319,7017188,7089579,7017173,7010801,6986156,6845485,7069249,7325245,7139813,8175921,6853728,7103905,6944585,7207006,7103906,7243365,7203758,7275254,7661117,7870592,7254622,7099847,6925469
6981007,6880008,6883110
7139736,4220991,4278837,4159468,4323921,4442486
7141906,4296346
7877269,7319970,7124088
8444696,3948262,4070514,3987499,3952334,4168326,4405319,4401112,4439152,8021430,7789914,7503933,7056342
8155679,7389118,7184972,7599852,7197544,7240843,7664516
7921186,4130881,4004577,4051522,3996928,4412287,4110918,4060915,4151831,4150284,4151407,4173971,4216462,4227526,4270547,4253521,4347568,4296756,4422081,4259548,4417306,4360345,4347851,4449536,4428733,4465077,4473884,7305348,6849045,7167818,7252636,6968375,7168818,7077810
8438055,7389118,7184972,7599852,7197544,7240843
7155241,4480253
7056712
8033458,4341951,6999936,7334720,6993507,7044362,7000836,7083081,7677446
7319740,7006604
6998973,6885293
7516484,7346689,7370350
8457670,7389118,7184972,7599852,7197544,7240843,7664516,8155679
7774280,4200700,4220991,4278837,4159468,4323921,4361851,4423287,4442486,4429385
7566537,7459275,7056666,7037687,7105300,6911345,6982146,7078499,7057031,7057026,7427673,7074597,7414116
8213578,4012599,4302629,7555104,7319740,7006604,6934366,7003082,7164753,6885731,7315612,7142642,7142643
8388941,7074827,7445771
8118221,4341951,6999936,7942317,7334720,6993507,7044362,7000836,7083081,7677446
7617116,4491725,7016856,6947907,6879959
7062749,6901430,6943681
8318430,8003354,7955794,7582420,6927028,7332277,7442506,7727720,7838647,7252946,7645576,8008018,7888017,7799531,8137912,8168389,8195415
8090598,3938092,4013875,4072850,4067061,4258430,4258421,4212195,4234926,4271402,4395624,4387587,7030781,6904359,7191058,7015800,7449993,6952645,6879962,7228211,6931309,6957133,7536457
7977575,4385485,4257675,4456331,4361381,4446689,4401366,4447122,4401845,7339116,7405360,7534964,7491888,7154043,7135641,7179999,6998537,6888070,6855889,7098405,6974913,7196271,7049523,6897382,7244893,7109424,7115815,7220918,7329815,7214884,7358436,7238885,7317163,7064277,7208683,7390971,7507910,7173189,7145080,7271342
7463151
8283505,4308109,4217178,4256541,4349628,4340446,4251231,4336335,4277635,4366032,4381220,4359533,4399000,7144977,7196218,7074603,6982026,6926810,6984293,7297236,7141707,7125474,7851188,7993889,8101808
7023913
8088575,7459275,7329496,7056666,7037687,6864052,7105300,7056661,6911345,6982146,6934636,7078499,7635578,7713698,7345159,7057031,7427673,7566537,7057026,7074597,7414116,7622279
7860222,6920209,7106843,7133845,7466816,7075919,7079636,7039171,6947525,7079637,7529357
7276543,4131529
7523072,4200700,4220991,4278837,4159468,4323921,4361851,4423287,4442486,4429385,7130087
7191299,6889228
8364295,4394691,7224811,7203288,6882299,6959221,6953886,7205471,7293277,6879865,7020704,7548851,7176372,7065287,6922730,6990208,7324833,7486926,7187947,7130616,7237198,6941181,7142934,7142935,7277765,7028082,7549942
8180489,4275448,6954701,6958693,7030768,7104115,7100427,7249000,7290502
6888204,4027380,4212100,4151007,4113514,4290825,4239554,4331486,4352835,4435896
8635150,4495581,4462473,7930237,7324968
7542035
8408598,4000912,4128137,4245847,7040429,6923278,7344155,7038195,6851711,7104346,7021641,7726689,7931300,8181992
8370583,7200847,7714747,7113962,7035214,6859842,6978384,7380006,7383329,7069342,7383348,7215667,7145889,7242681,7451237,7243094,7388844,7020750,6910106,7849134,7428573,7120666,7007044,7639700,7266645,7318100,7746781,7953869,7417991,7457315,7389357,7471629,7366829,7389393,7555484,7853699,7420992,7676554,7620870,7571343,7619545,7453379,7532134
7110936,6851107
6871325
7516192,4130881,4004577,4051522,3996928,4412287,4060915,4151831,4150284,4151407,4173971,4216462,4227526,4270547,4253521,4347568,4296756,4422081,4259548,4417306,4360345,4347851,4449536,4428733,4465077,4473884,6849045
7912740,7376573,7406427,7324951
8179014,3968391,3967148,4082975,4074162,4329611,4296346,4354128,4297605,4355254,4366404,4329612,4340832,4409508,4420705,6960922,7034430,7122935,7141906,7990018,7768174,7417354,7564160,7053516,7218028,7365470,7608970,7880362
8051011,7143062,7010512,7328840,7366699,7181429,7089208
7712683,4131658,4174811,4087048,7448557
7942317,6999936,7334720,6993507,7044362,7000836,7083081,7677446
6948021
7655226
8013884,7124681,6951663
8095413
7945539,4096568,4405829,4221003,4215402,4290105,4376299,4414624,4412285,4490782,4464713,4441155,6928442
8140358,3938092,4013875,4072850,4067061,4258430,4258421,4212195,4234926,4271402,4395624,4387587,7030781,6904359,7191058,7449993,7015800,6952645,6879962,7228211,6850823,6931309,6957133,7774217,7536457,7853499
8304588,4308109,4217178,4256541,4349628,4340446,4251231,4336335,4277635,4366032,4381220,4359533,4399000,7144977,7196218,7074603,6982026,6926810,6984293,7297236,7141707,7125474,7851188,7993889,8101808
7356498,6937990,7219080,6850643,7209896,7251629
8195415,7115709,6893881,6953668,7198787,7208275,7190818,7227002,7250256,6960449,6858439,6911345,7192698,6875619,7262177,6906182,7212660,6913697,6927028,7258987,7262269,7276170,7171975,7332277,7442506,7272252,7264972,7229838,7220594,7252976,7150812,7476363,7655399,7645576
7065637
7499872,6965868
8286561,3980153,3967030,3931428,3976572,3963349,4199142,4142724,4301213,4492217,4301197,4311755,4453533,4415405,4451619,7312057,6855759,7285331,7478785,6926946,7109256,7563505,6872441,7026018,7057832,6858284,7291653,7211605,7211329,7188917,7568583,7211313,7238751,6994045,7022416,6890360,7273658,6976998,7074273,6855375,7166235,7052244,6998051,7153357,7211223,7037591,6871923,6966990,7468333,7179864,7083748,6931888,7288311,7148181,6923216,6845788,6976585,6938774,6852390,7056409,7074294,7306895,6982242,7083828,7264845,7157018,7344783,7179758,7198855,7253130,7175723,7338835,7393515,6942746,7354328,7213309,7112369,7057881,7048889,7342551,7323033,7306304,7354650,7354624,7368510,7258731,7150904,7344758,7204298,7726615,7527832,7524531,7309278,7607744,7344619,7419615,7989619,7748806,7265468,7388211,7731316,7449233,7396395
6961508
8434282,3969564,4012544,4152473,4114346,4196254,4242389,4322516,4340633,4489115,6850024,6984952,7464510,8381473,6841216,7601413,7297385,6908656,8220221,7757457,6861118,6888459,7148803,6977579,7039522,7721502,7245215,7242303,7225980,7672780,7339523
8027883,7818214
7095917,4365863
7994609,4156249,4249196,4427457,4409608,4470096,4470099,7195971,6882015,6897505,6974744,6927125,6933551,7768054,7271465,7193263,7027287,7038296,6963122,6880134,7013436,6949781,7259956,7050290,6903918,7170178,7116544,7154734,7348624,7009832,7202548,7485914,7161228,7298001,7663233,7274085,7439570,7564675
7122935,4296346,4329612,4340832
8212094,4049686
8381573,6837095,6899683,7341693,7462149,7611461,7641611,7841224,7636047,8280436
7670536,4029457,6935111,6945765,6893250,7080978
8158346,7056666,7037687,7105300,6911345,6982146,7078499,7057031,7057026,7074597
8268299,7074827,7445771
8346894,7240031,7213003,7107244,7383226,7080051,6850996,7340506,7389514,7076784,7296004,7392223,6856974,7120602,7366697,7302411,7366696,6931111,7334128,6948063,6839677,7146338,7330831,7302408,7251656,7177846,7395243,6932268,7395319,7175074,7600027,7451400,7590550
8408343,3938608,3952822,4000912,4128137,4245847,7040429,7066290,7344155,6923278,6851711,7083195,7104346,7021641,7413038,7389835,7506709,7766106,8292010,7380824
7806360,4498644
8379801,7164753,7130790,6940617,6882707,8296811,6885731,7516404,8140337
7544094,4116521,4408821,4452503,7128603,6884115,7014501,7329149,7029304,7163420,7226300,6971912,7097500,7059900,7364462,7311555
7555104,4012599,4302629,7003082,7006604,6934366,7164753,6885731,7315612,7142642,7142643
8452646,7389118,7184972,7599852,7197544,7240843
7499946
7333937,4491725
8266044,6937990,7403922,7246093,7219080,7523194,6850643,7209896,7251629,7249080,7980457,7356498
7003082
8185408,4491725
8601154,4388645,4473824,7483871,7577745,7035914,7145898,6870523,7113152,7268757,7471822,7417799
8176267
8468038,7953615,7441225
6970183
7269576
7590602
8062968,6970362,6888240,6856167,6894396,6891258,6849951,7233061,6875921,7245022
7663061,4038489,4385485,4257675,4456331,4327246,4361381,4446689,4374881,4401366,4447122,4474426,7339116,7534964,7135641,7405360,7154043,6998537,6888070,6855889,6974913,7196271,7049523,6897382,7244893,7109424,7214884,7358436,7064277,7238885,7208683,7145080
7631191
7603674,6901430,7057752,6943681
8352357,4495581,4462473,7930237,7324968
7461353,6857102,6886034,7219309
7930237,4495581,4462473
7566960,6970362,6856167,6894396,6891258,6875921,7233061,7245022
6883446
8402281,4218582,4405829,4424414,4375579,4417338,7490248,8316051
7124088,6869362
7986426
8224381,7360085,6970127,7312813,7248888,7239323,6871243,6907276,6859358,6873853,7202885,7257202,7480484
8464767,3947734,4192467,4166700,4378717,4352980,4497478,4495456,4489897,7210867,6997408,6979813,7520452,6983903,7166561,7712688,7040559,7025293,7631822,7635102,7661614,7631824,7712689,7311276,7631823,7490786,7213780,7624938,7661612,7584545,7663769
7990018,3968391,3967148,4082975,4329611,4296346,4354128,4355254,4366404,4329612,4340832,4409508,4420705,6960922,7141906,7768174,7034430,7122935,7564160,7417354,7218028
7664516
7633673,4158750,4063106,4221997,4275266,4403605,4374618,4462080,7060061,6885498,6885683,7167300,7027467,6943936,7433116,7259906
7417354,4296346,4355254,4409508
8298123,4112928,4020795,4151988,4278095,4220996,4358105,4408613,7072789,7980996,7713171,7637847,7625315,7575536,7510509,7056265,7628730,7645213,7556590,7537546,7789800,7455622,7060008,7981000,7985164,7166062,7166064,6997852,6918858,7060006,7862478,8029415,7115076,7645212,7070539,6863641,7128693,6866613,7022047,7350787,7857731,7549947,6921351,6991586,7354380,6976624,7044891,7254516
8326924,7328166
8273183,3972339,3979788,4169484,7805792
8401682,4394691,7224811,7203288,6882299,6959221,6953886,7205471,7293277,6879865,7020704,7548851,7176372,7065287,6922730,6990208,7187947,7486926,7130616,7237198,6941181,7142934,7142935,7277765,7028082,7324933,7549942
6963859,4220991,4278837,4159468,4323921,4442486
8019479,4353220,4494180,7005818,7221121,7083392,7050278,6925823
7135641,4034148,4319940,4412094,4401845,4487992,6888070,8676598
8061598,4341951,6999936,7334720,6993507,7044362,7000836,7083081,7677446
7171103
7713698,7329496,7459275,7056666,7037687,6864052,7105300,7056661,6911345,6982146,6934636,7078499,7057031,7427673,7057026,7074597,7414116
7477284,4134644,6956573,6850210
7980457,6937990,7403922,7219080,7523194,6850643,7209896,7251629,7249080
8019501,4022146,4278971,4243248,7650210,7082359,6850824,7079982,7636568
8251997,3948262,4070514,3987499,3942535,4051905,4016651,3941127,3952334,4086701,4168326,4237948,4027392,4124026,4177524,4082097,4059115,4142517,4206516,4232679,4232679,4175555,4259072,4222128,4258716,4181457,4262369,4271832,4423721,4197850,4341206,4356572,4333469,4492226,4450834,4328593,4293962,4289123,4405319,4484570,4349921,4401112,4309777,4414979,4439152,4497320,8066705,7491205,7207991
8079413,4049015,4134455,4185689,4314608,4437516,4405017,4432418,4391547,4457376,4436151,4493374,7921925,7107875,7281584,6851489,7069997,6902006,7337847,7909109,6918439,6938696,7021389,7921923,7604058,7040410,7128091,7055632,7810558,7637326,7886830,7350582,7798236,7926571,7644774,7527104,7552779,7325617,7866396,7784550,7644767,7918278,7673677,7740079,7775291,7878242,7775286,7909108
7267828
7518879
8200513,7953615,7441225
8402115
8361156,4026304,4026305,4349921,4454374,8021430,6986788,6964687,6984245,7018416,6989031,6923814,6979353,8246686,6942698
7650210,4022146,4278971,4243248,7164117,6850824,7284789
7630802,4128005,4418388,4418388,7103460,7421321,6901374,7016854,6879894,6928348,6988033,6957133
7840420,4130881,4004577,4051522,3996928,4412287,4110918,4060915,4151831,4151407,4150284,4173971,4216462,4227526,4270547,4253521,4347568,4296756,4422081,4259548,4417306,4360345,4347851,4449536,4428733,4465077,4473884,7305348,6849045,7167818,6968375,7252636,7168818
8239451,7328166
7092957
7731558,4109398,4002893,4306373,4305221,6846216,7255624,7322873,7063587,7507136
7351410
8145268,7360085,6970127,7312813,7248888,6907276,6859358,6873853,7257202,7460175,8050711,7899492
7831926,6996533,6857102,6925595,6886034,6978418,7023572,7450114,7055095,7072984,7219309,7308649
8077176,7542035
8195578,7010512,7366699,7181429,7089208
7733371,4163283,4179695,4197536,6891566,7111971
8036988,3938091,4048475,4023012,4016405,4395628,4269874,4423316,6885857
