7783299,8228890,8099087,9008682,8351961,8634813,8954071,8050187,8145195,8643540,8130141,9035829,9408024,8629803,8391884,9119165,8917209,9057606,9291712,9372266,8531523,9386421,9078145,8526391,8874398,8331955,8315647,8718676,8655377,9176217,9253721,8922430,8660015,9247392,9390279,9060281,8886228,8588822,9167380,9179246,9286490
7591303,8561915,7789176,7841431,8036816,8057262,8078339,8078324,8154251,8560124,8938331,8565932,9140501,8330412,8643216,8336319,8448696,8402776,8773058,8844291,9105950,9379420,9306199,9260103,9102334,9083066,9184424,9412980
8313353,8506325,8506326,8562366,8573996,8801448,8597041,8647136,9419389,9166348,8888526,9071019,8808019,8920182,8858251,8915754,8920192,8727800,8469739,9017101,9203167,8591244,9190744,9147955,9362634,9136654,9407016,9287659,9030446,8994827,9147963,9033730,9153911,9172154,9048599
7587469,8005777,8160988,7970722,8996392,9043217,9286442,9129054
8317070,8939343,9027817,9060770,8783541,8517244,9282966,8905977,9237891,9307988,8800838,9326768,9320520,9326769,8752747,8820605,9326770,8746529,8844789,9370358,9113874,9402626,8911471,9301759,9320521,8899465,9179911,9408604,8763875,8973804,8684253,8479969,8746530,9186143,8931682,9138225,8925788,9289206,8998058,9072515,9211121,9095339,9084601,8573465,9204878,8636736,8657178,9179912,8991677,8752749,9289210,9005230,8602287,9386983,8602288,9370364,9393015,9307987,8453914,8794497,9232945,8789741,9131940,9220501,9364233,9358005,9220500,9332974,9345477,9272406,9386988,9277919,9320518,9307965,9282962,8893949,9301753,9232941,9314246,9301752,9113883,9113884,8858590,8632462,9089330,9125654,8734478,8978955,9211122,8827903,9033204,9351730,9241714,9211120,9072535,9271799,8789739,9107663,8833632,9198661,9055941,9216019,9050084,9044230,9078653,9198662,9307989,9414838,9314247,9204880,9320523,9101358,9125662,9408606,9226751,9282974,9204879,9101385,8747238,9289256,9028494,9072536,9119657,9364230,9386985,9386984,9307986,9358003,9398911,9326767,9345481,9289211,9351727,9351726,9332987,9332984,9283054
8058897,8916910,9091727,9136842
8037158,9311630,8645222,9230259
7790869,9133511,9169510,9297042,9255292,8796432,8889348,9115163,9175342,8845880,9121059,9217132,9322062
7032089,7587432,7379996,7610319,7409512,7389300,8996482,7610460,8239674,7685386,8041679,8281089,9317576,8572031,8407182,8965901,8527990,9195488,9081788,9195489,9081787,9164913
6931558,7124322,7127638,7685174,8224784,7487385,7995519,8346726,8255651,9116847,9378099,9329941,8706992,7770057,7694169,7725704,7743242,7676503,7734738,7805631,7877590,8196136,8495012,8423817,8090975,8775783,8065561,9378121,8402309,8745444,9256899,9235399,8548919,9100396,8429641,9015129,8615446,8707087,8332689,9104624,8566640,8661236,8949401,8832032,8468139,9354907,9354908,9092248,9189345,9256442
8381473,9402496,8434282,8468771,9085902,8468772
8312226,8732423,9363248,9363309,8929402,9036662,9191342,8885632,8929380,9152574,9253277,9092342,9143455,9397951,8743683,8811431,9130991
8394405,8709478
8394406,8709478
7203752,8060109,8706078,8559942,8195188,7953789,7444377,8473729,8798645,8385964,8538458,8798593,9031581,8712441,9167558,9185522,9253616,8831635,8750898,8798647,8270942,9003499,8223012,8493207,9071931,9319471,9119033,8717166,8149113,8407344,8868742,8413167,8275894,9179315,9179316,9179359,9179308,9198075,9198117,9198076,9386121,9198074,9204282,9204374,9386165,9215613,9215159,9220027,9225797,9232403,9247450,9351193,9319913,9253663,9258735,9271184,9270559,9277445,9277433,9198042,9392462,9003489,9204294,8315599,8913552,9198054,9402158,9088450
8521642
8323630
8121904,8578265,8977389
7899704,8156000,8751295,9430773,9412102,9268956,8788657,8849699,9361627,9195988,8868444
7250105,8439872,8142629,8480867,8470162,8980074,8475646,8480866,8741124,8480878,8025780,7998325,8349157,8641644,8298400,8101063,8771487,8097147,8668820,7850839,7909775,7988645,7981055,8382683,8360991,8337421,8016774,8343075,8622930,8641643,8679033,9427532,8282577,8721671,8216154,8845550,8123700,8211037,8162853,8206317,8206319,7892183,8197423,8197421,8157748,9339612,8221334,8235915,9314194,9248267,9226699,8267870,8202231,9186468,9089678,8079960,8333710,8337420,8337419,8062231,9089294,9072842,8845549,8360992,8808201,8366637,8372016,7909778,8382682,8388551,8403864,8414503,8430828,8435190,7988644,7981056,7976476,7959582,7938787,7914465,8491500,8496601,8556829,8562545,8574168,8784335,8579831,8690796,7909774,8636673,7909777,7901365,7875047,8007446,8905945,8574895,9034639,8262614,8251921,9144401,8945910,8282576,9351680,8296918,8668656,9261476,8828203,8652831,8702624,8917184,9386944,8994395,9375169,8025788,8965476,8239582,8603309,9211087
7664701,9342832
6857022,7571455,8732037,7660740,8266016,7467085,8214196,6993473,8639829,7752266,8234106,8719041,7895082,8442871,7941348,9092792,8255286,8078505,7970599,7409333,8065294,7996417,8433718,8566710,9367540,8949223,8548794,7346487,8296127,8977536,8666725,9189568,8600728,7958446,8249854,8886517,8265924,8943080,8684265,8763901,8973821,8833650,8950669,8668146,8944320,8789752,8783563,8794518,8886518,8433556,9122674,8468149,8615389,8831928,8825466,9201870,9223869,8260604,8719002,9137050,9124535,8671167,8990064,8380486,8676563,8380487,9411793,9311287,9213685,9128918,9153001,8694303,8886515,8942973,8807427,9152622,9389850,9262405,9430465,9213694,9430466
7347011,9357813,8209883,8042288,8266749,7574818,7546698,7770307,8959800,8544191,9101179,9027260,8490299,8745896,9149086,9295298,8595878,8516721,9060570,8839532,8522577,8800172,9150986,8844167,9392839,9032763,9420844,8448474,9060562,8621891,8898932,9398784,9095187,8881430,9414642,9084449,9392835,9339076,8701232,9375045,9241536,9420851,9010157,8997530,8997529,9003836,8959959,8973410,9072335,9145629,9259883,9283699,9427641,9427642,9301567,9375046,9192204,9078488
7653572,8156000,9412102,8751295,9430773,8694368,8849699,9361627,9195988,8868444
8014917,9285295,9285294,9044543,9061102,9254363,9424607
8187334,8758344,9180021,8685105,8814940,9186261,9101491,9168152,9387092,9132021,9198765
8108492,8645222,9230259,8775554,9261863
7024205,8195188,8706078,8060109,8559942,8538460,8615256,9137650,8099477,9122704,8442550,8731581,8473199,9183584,9002371,8548498,8112099,8774841,9264858,8799097,7983947,9191776,9204252,8909679,9197990,8180364,8606314,8666804,8694366,9311656,8611919,8121582,8868047,8348151,8127983,8505814,7219153,9014722,8135802,7987113,8774834,8412236,8010132,8832121,7991393,9167558,9253616,9185522,9031581,7706808,8229467,9094798,9210541,8611927,9215554,8190180,7840222,8565715,8046001,8634814,9237416,8797906,8868098,8676789,8423536,8155672,8855665,9412130,8549068
8287320,8506325,8506326,8597041,8801448,9419389,8444445,8562366,8573996,8647136,9166348,8888526,9071019,8808019,8920192,8920182,8858251,8915754,8727800,8469739,9017101,9203167,8591244,9190744,9147955,9362634,9039445,8968025,9327371,9136654,9407016,9419350,9039446,9287659,9147963,9153911,9172154,9343855,9048599
7093086,9323550,8631066,8296551,7191441,7533229,7313793,7657888,7343461,7685387,7783779,7584462,8713273,7574620,7334157,7353241,9209989,8224786,7979656,7698401,8055745,8949395,9098455,7472129,7360111,8402305,9152446,8464250,7840963,8566824,8719914,8544002,7536525,7500082,7571274,8930315,7899788,8561063,7669020,9116847,8346726,9378099,8255651,8706992,9329941,7725608,8065440,7434218,9286109,8683144,8601225,7761573,7627728,7802302,7370164,8001342,8296759,8789049,9239731,8321377,8886865,9235477,9317222,8868858,8554727,8838528,7676502,8527470,7634507,7689859,9032133,8554981,7769990,8132186,7757111,8869146,8479194,7987206,7747814,7676704,7941709,8495111,8407518,8694828,7840839,9052933,9063763,8972978,8473594,8473627,8635351,7533289,8577845,8375003,9311318,8028194,7966290,8150801,9081732,8495316,8856790,8429649,9417965,8826283,9176786,8881171,9164847,8281317,8880473,8752049,8752048,8943500,8996912,8826070,8069227,8527721,8387046,8135748,8904004,8682862,8418236,8782670,8539488,8341631,8205050,8996468,8689211,8438349,9378121,8402309,8745444,8103910,8621283,8464254,8549241,8533382,8566297,8290912,9015129,9003007,9367362,8572612,8566640,8332689,9104624,8898114,8826272,9268586,9015709,8793535,8726083,9043280,9058120,9311375,9027024,8977828,8850146,9069782,9354907,9047221,9430255,9354908,9092248,9372757
7348575,9086635,9081295,7492530,8730572,7672047,7679821,7869122,8908269,8199400,8208198,8208199,8289619,8339701,8355201,8804234,8416490,8363315,9134618,9019596,8913316,7738188,7965453,8953259
7840486,8249982,8756153,8504472,8875990,7979349,7996307,8073772,8103585,8103584,8180706,8190514,8195565,8234212,8275704,8458086,8596527,8646685,8794509,8814039,8820633,8851369,9235831
7818214,8027883
7999721,8892495,8369967,9046594,8560622,8373588,8624771,8760339,9132773,8842004,8970422,9135818,8849554,8774837,9255987,9007255
7577970,8190993,8819263,8306405,9043701,8346558,9160971,8996543,9026544,9098510,8965908
8323060,8506325,8647136,8562366,8573996,9419389,8801448,8597041,9166348,8550834,8888526,9071019,8808019,8920192,8915754,8858251,8920182,8727800,8469739,9017101,9203167,8591244,9190744,9147955,9160083,8968025,9327371,9362634,9136654,9407016,8814589,9287659,9147963,9153911,9172154,9048599
8065352,8255418
7057026,8088575,9133511,7635578,7345159,7713698,7790869,8148064,9388463,8158346,7427673,7772384,9121062,7785796,9410200,8394586,7566537,9410199,7541444,9121060,9388464,8071739,9127314,8597881,7771973,7622279,9186643,8871444,9029083,9217177,8329404,8431691,9169510,7816503,7592435,8212015,9297042,9255292,7476734,9410151,9328344,9273308,8889348,7824887,7553949,9012390,8808988,9051612,8399188,7883869,8298792,8969535,8772046,9017623,8288516,8940879,8592221,9068699,7678894,9404155,9115163,9175342,7811810,7767441,8715938,8017338,8652781,8420366,8133672,8999676,8658365,9279155,8257954,8278630,8143599,9365898,9068220,8039817,8242463,8546772,8586947,8071962,8698102,8877905,9200319,9079148,8198028,8399192,8741571,8173198,8530164,8541207,8895268,9284547,8486865,9416415,8476022,8236532,9005929,8709729,8528589,9377437,9041420,9074242,8535889,9228229,9399797,9366632,8759037,9139875,8481903,8748789,9353412,8986930,9029103,8483969,9222134,8575071,9284604,9121059,8845880,8951781,8962242,9110478,9364803,9150852,8841071,8778848,8658430,9399798,8889860,9228233,8778849,9309571,8637242,9279154,8986629,9193996,9298804,8812422,9012022,8895249,9169513,9150896,9399766,9092401,9116139,9115387,9146248,9193998,9193999,9410977,9322062,9410197
7024387,8498923,8478687,8725621,8799138,8775294,7890410,8249975,8296215,8380609,8732048,8660940,7912780,7219079,7987129,8688565,7844536,8682778,7848994,8694411,7558754,7917426,8732064,8706608,8108295,7680722,7440917,7672899,8688567,8738508,7778911,8630941,7571133,7567932,7890418,8374942,8374947,8326738,8751361,8224737,8160949,7991684,8060431,8429043,7904371,8756130,8615454,8612321,8655755,7444300,8255321,8645269,8452682,8131621,8655765,7496531,8577787,7689501,8498918,8768817,7606759,8326733,8326734,8027907,8756144,7890417,8380612,8065217,8170949,8326745
7228429,8128422,7738634,7974388,7861081,7536188,8248226,7642909,7589616,7504940,8107625,9129253,8134925,9336633,8662386,7800319,8531286,7986228,7720576,7933689,8714449,8521538,8255225,9171543,8451101,8031078,8386261,8754940,8780199,9153083,8659397,8933791
8479246,9078016,9106959,9113228,9066118,9232275,9247308,9338512,9338487,9338511,9344765,9386340,9420318,9386356,9258383,9167419,9154942,9026668,8904021
6981007,8812437,9251012,8600900,8892547,8972385,9201966,9286351,9396274
7139736,8280818,7503075,7840490,8635129
7141906,9293881,9293879,7990018,8179014,8546993,9293880,9350130,9287674,9287676,9287675,7608970,9099827,9178327
7877269,8095399,8132016,8607060,8667295,9026267,9308892,8494882,8433588,9183593,8508349,8581712,8686841,8659404,8581713,8275640,8615414,8928470,8581711,8781900,8843409,9142065,9208624,9035756,9045103,9123231,8928471,9378480,9013333,9384665,9251628
8444696,8858638,9226834,9402735,9414935,9375237,9358133,9358123
8155679,8457670,9137018,9407852,8799361,8542097,8751589,9420560,9306898
7921186,8160900,8924159,8996392,9043217,9129054,9037578,9110958,9171048,9183262,9430617
8438055
7155241,8107601,7280838,9167401,9071953,7403787,8560006,8498387,8374585,8355702,7835757,7843314,8295450,8224294,8116741,8134450,7277716,8116743,8099046,7957695,7634224,7853196,7430424,8073475,8855705,9274604,8914075,9142052,8868343
7056712,9370556,8785168
8033458,8794516,9178926,9208488
7319740,8213578,8908838,8917822,9131045,8128422,8917821,8526581,9124716,8386261,9336689,8797999,8933791,8659397,9208784,9406296,9191789,9357064,9247052,9197745,9258415,9191494,9380150,9374536
6998973,8296006
7516484,8543831,9330282,8321956,9111103
8457670
7774280,9336366,8572752,8095518
7566537,7790869,8088575,9133511,9121062,9388463,8394586,9410200,9410199,9388464,9121060,9127314,8597881,8212015,9255292,9297042,8298792,9175342,9115163,9150896,9146248
8213578,8908838,8917822,9131045,8917821,9336689,9344562,9191789,9324324,9247052,9357064,9197745,9258415,9191494,9380150,9374536
8388941
8118221,8794516,9178926,9208488
7617116,7908487,8762181,8335672,9129054
7062749,8478602,7653679,7523164,7552445,8296167,7904119,8712813,8296719,8898619,8996394,8185916,8260871,8429467,8271417,8296104,8255182,8239167,8161323,8135995,8688700,8135988,8875306,8538998,8966465,8560938,8782604,8595044,8667031,8671007,8527329,8782598,8694969,8448129,9305238,8996658,8271609,9122520,8799319,8332654,8935293,9129255,8417656,8140898,8856737,8869108,8612377,8959106,9305057,9058360,9395965,8677309,8527985,8429622,8572618,8819055,8806475,9110945,8713049,9189280,8990416,8660878,9329975,8954942,9020883,9361308,9262479,9286352,9256646,9292574,9098587,9262258,9390135,9047249,9418113,9244978
8318430,8682592,9430611,9424392,9228234,9323888,9115401,9260745,9163282,9334541,8825412,8949036,9411937,9206417
8090598,8892451,8639579,8653986,9269202,9189895,9053591,9196098,9402060,9067565,9230437,9086294,9129460,9117246,8315792,8433588,9183593,8484113,8620692,8963702,9185526,8527013,8457873,8452532,9008956,8392101,8571731,8571740,8571791,9073554,9123049,8412454,8396624,8565964,8751059,8751058,8805707,8275640,8886389,8666786,9164957,8928495,8924240,8930229,8930231,9082072,8799035,8538785,8996234,8799029,9298575,8595037,8799032,9111316,9037394,8731768,9000903,9165469,9142065,9344683,9208624,9342935,9147353,9053516,9275417,9361650,9262787,9147219,8954226,9349228,9172477,9390451,9355423,9390452,9361599
7977575,8729394,9117566
7463151,9031581,9253616,9185522,9167558,8334998,9344587,8665481,8648697,9135648,9219966
8283505
7023913,9300921,8520068,7698450,7389526,8953749,7409045,8144836,7215364,7483139,7734063,8547437,7525576,7801331,7382978,7817716,8705613,7680192,8553113,7868913,8582640,8135066,8976237,7956890,9432632,8750513,7719567,8208019,8842179,8610772,9407877,8553117,8487995,7812855,8160129,8502868,7339607,9077882,8750636,7978925,8982944,7912337,8830326,7834910,7773121,8248473,8274548,7667596,7777783,9134338,8179439,8090193,9262800,8599368,8547433,8125334,8736680,8760537,9420198,8699821,8885978,9036001,9007432,9426430
8088575,9133511,9169510,9297042,9255292,8796432,8889348,9115163,9175342,9121059,9146248
7860222,8321202,9143609,8731934,9357061,7979379,8284905,8886663,8600996,8996684,8433763,8566823,9323549,8868987,8875129,9118669,8560557,9294900,9014660,8832120,9307386
7276543,8631838,8347923,8426021,8734945,8426020,8218931,8513321,8901198,9106238,9128245
7523072,8794516,8086696,7797373,8752037,8086542,9336366,8904181,9419951,7869591,8504849,8601283,8051052,7743409,7748031,8220039,8639939,8613103,8266711,8245031,8140843,8073828,9104618,9256899,9235399,9100396,8548919,8429641,8170783,8615446,8707087,8949401,8832032,8468139,9286447
7191299,9009427,7376676,7743019,8166101,8131739,7917534,8238696,7805422,9378099,8346726,9329941,8706992,9116847,8255651,8150805,7885923,8402284,8806105,8250033,9208192,8595728,9378121,8402309,8745444,9015129,9104624,8332689,8566640,9317576,8572031
8364295,9348354,9374607
8180489,8410948
6888204,7041543,7658859,7615433,8148221,8372736
8635150
7542035,8077176,8427538,8624958,8902322
8408598,9072640,9351889,9393166
8370583,8732423,9363248,9363309,8929402,9036662,9191342,8885632,8929380,9152574,9253277,9092342,9143455,9397951,8743683,8811431,9130991
7110936,7853877,7386833,7665061,7519956,9098837,8621419,7437706,7716593,8150930,7707255,8799808,7392249,8051389,7464370,7555707,9015624,8146016,9015621,8255828,7895531,9223477,8117542,7703036,8839139,7747966,7735066,7886290,7925994,8239882,8689137,7739259,8627222,7673284,8605090,8638333,7877731,8392880,8566793,9047337,8046716,8375351,8484578,8201103,8762880,9098473,8255899,8200615,8752040,8352418,8990150,8397207,8407673,8825758,8181167,8719805,8301588,8656349,8752005,8479149,8352870,8825594,8429753,8140581,8140593,8402096,9338114,8417666,8453126,8413103,8799353,8346768,9046983,8266159,8595690,8302014,8370799,9038017,9015674,9251554
6871325,7748626,7831475,8436715,9021350,8745488,8996150,9009067
7516192,9005119,8015138,8337409,8066636,8740790,7769600,8663104,8727979,8392217,8727976,7993267,8682694,8060378,8630875,8628470,8160988,7970722,8005777,8019582,8301467,8731968,8055516,7780595,9081879,8706520,8996392,9043217,9129054
7912740
8179014,8546993,9293879,9293880,9287674,9287676,9287675,9293881,9350130,9099827,9178327
8051011
7712683,7878418,9415130,9358562,9248461,9162004,9334118
7942317,8118221,8336772,8794516,9178926,9208488
6948021,7987223,7212399,7222206,7271997,7054163,7865326,7924570,8269373,8147608,7927416,8163075,8118924,7964033,7639486,8219672,9221986,9072191,9379614
7655226,9370556
8013884,8780150,9327516,9254639,9007411,9079735
8095413,9430670,8977713,9223625,8738689,8595293,8782146,9083601,9219678,9235631,9171049,9244992,9251229,9275105,8606790,8516546,8516543,8516542,8516541,8516548,8516547,8516540,8516549,8522306,8966577,8590006,9092501,9043362,9071594,8595802,8667558,9223480,8707412,8707411,9244599,8949963,9298750,8499005,8903851,9195687,8799233,9009117,9069803,9378227,9135304,8620876,9262456,8788532,8799320,9037561,8751579,8374897,9201939,8504557,8762281,8732088,8572057,8751402,8738646,8776083,8776082,8762329,9146951,8744972,8775315,9244995,9058361,9348576,9230068,9378392,8527323,9323804,9171033,9171034,8812346,8595635,8660992,9253224,8781988,8782785,8977647,8510264,8549417,9268963,8543567,8447779,8510332,8949185,8738626,9164992,8788510,8799298,8700645,9176730,8954453,8584212,8898753,8875259,8863251,9430536,8468117,8677470,9087128,9059981,9348910,8429011,8510164,8521571,9245252,8560571,8478782,8868605,9275253,9251239,8996493,8832054,9098539,8407338,9201907,9047479,9152658,8548940,9053132,8447745,9219775,9298842,9286364,8959341,8751826,8812533,8510729,8825509,8738620,9275094,8478722,8560575,9237080,8732663,8898287,8463828,9178788,9251164,9195850,8713043,9405426,8589740,8990144,8583587,8898582,8739030,8589150,8914539,8656291,9117003,8745272,8666937,8769416,9268955,8984409,9137124,8688802,8793291,8996610,9031996,9081869,9098365,9111006,9246707,9009709,8898639,8930933,8566917,9037546,9275033,9053136,9361350,8977675,8904166,8539234,8646048,9239722,8924419,8819081,9002891,8925041,9251240,8762947,8818938,9195681,8996574,8799327,8818985,8793691,8776064,8875152,9229793,8682637,8751939,9355270,8977739,8595181,8972431,9009669,8718241,8935193,9037722,8443085,9098618,8566792,8775946,8693649,8521780,8904011,9419863,9230224,8566274,8713530,8768964,8850219,8516591,8959483,9021435,8738603,9275160,8914438,8566779,9311664,9262137,9262138,8862632,8694558,8583964,9244954,8572080,8452726,9292534,8856066,8689052,9246699,8539068,9426142,8595382,8489974,9053231,9100240,8589540,9223852,9195760,9218423,9070137,9177070,8412820,8566956,8620305,9280596,9424329,8832061,8819632,8762881,8510602,8738970,8499286,8701198,8868981,8812977,8566654,9069901,8612999,8560541,8904541,8566283,9262393,8739126,8769704,8892573,8661076,9367643,8560554,9106761,8732150,8489929,9031957,8914405,8898186,8903770,9304614,9411855,8732606,9235330,8886766,8984434,8682918,8498994,9069448,9424283,8565422,8756221,8566740,9171180,8566449,9021374,9292181,8690666,8566648,8903943,8535162,8517840,8713165,8949270,8818940,9430583,8577870,9189521,9165036,9069593,9208187,9064339,8943011,9123028,9069788,9015494,9395881,8954449,9195971,9071658,9229934,9037681,8910128,8762870,8521782,8620875,8984051,9256859,8713693,8745625,9323634,9294432,9189532,9325750,8589348,8688640,8972421,9195724,8875120,8881113,8756588,9395882,9407492,8683443,9235614,8549047,8688647,9215096,8966440,9154985,9178753,8844013,9038074,9058363,9195648,9007364,9064287,9369468,8839448,8924361,8959114,9047070,9152725,8812438,9397521,8731151,9330145,9195835,9348614,9135556,8996674,8938520,9307006,9361468,9262037,9137172,8973106,9197513,8972336,9110959,9418077,9252976,9094359,9177007,9264388,9237156,9378263,9148438,9241017,9075766,9245145,9268822,9367626,9432320,8990958,9292589,9253283,9191291,9069858,9418003,9246959,9076072,9264391,9171169,9171150,9177137,9170908,9195854,9195438,9245257,9063632,9203881,9400840,9246892,9398156,9426249,9244660,9092575,8819617,9277432,9152796,9349101,9420104
7945539,8281035,8478903,8468245,8296396,8291046,8255430,8135762,8117343,8832025,8762353,8799746,8843454,9104560,9128833,9148174
8140358,8892451,8653986,8667295,9269202,9189895,9196098,9053591,9226004,8880279,9129233,9402060,8996240,9208129,9201842,9317980,9086294,9269201,8989959,8868288,9026267,9308892,9183679,8284039,9183593,8433588,8959188,8620692,8417451,8581712,8659404,8508349,8686841,8581713,8849501,9245391,9189899,8928602,8285439,9185526,8527013,8421822,9316718,9365412,8981560,9321629,9086292,9384491,9406228,8364402,8706418,8421811,8823007,8637943,9150406,8936959,8794065,8712600,8598977,8296007,8749004,8643612,8928696,8797279,9311616,8652961,8869616,8700252,8918242,9376312,8742520,9377487,8682573,8718862,8836784,8723986,8704669,9208289,9311271,9122775,8686864,9379805,9280145,8718536,9369196,8928495,8742950,8581711,8928470,8615345,9008893,8924240,8750902,8930231,8930229,8969101,8799035,8538785,8606492,9047721,8781900,8996234,9298575,9384600,9123058,9046374,9043130,9105051,9240018,8922393,9176924,8862299,9014911,9159232,9372831,8972079,8595037,8731768,8799032,9111316,9037394,9165469,9000903,9142065,9230425,9344683,9208624,8862486,9398423,9184777,9208525,9141996,9418383,9035756,9123231,9045103,9378480,8928471,8731977,9013333,9384665,9351096,9053516,9336244,9103688,9313616,9147219,8954226,9361650,9275417,9262787,9026271,8892310,9201930,9279697,9238465,9418488,9361599,9390452,9167418
8304588,8906204
7356498,9141993,8756148,9189815,8688564,8768824,8266044,8041628,7680715,7908206,7877318,7814000,7908205,7865425,8359253,7917425,8682779,8666872,7614552,7614547,7600682,7917424,8732061,8069102,7660761,8612616,8499086,8768888,9176775,8751452,7962401,8468087,7765137,7912775,7908201,7937315,7873544,7877316,7873561,8301542,8799131,8825543,7698187,7945528,7702629,8655764,7921046,8626624,8600856,8595104,8407122,7840482,8843408,8458081,8478680,8600862,8566225,8311930,8195557,7949596,8392320,7899726,7664692,8001026,8204816,9396222,8880501,7660793,9323794,8156101,7917418,8930255,8732058,8583537,8620759,8103579,8165954,7882015,8744952,8762249,8768805,8612331
8195415,9011661,8529744,8682592,9430611,9424392,9017942,9347100,8372584,9273355,8852416,8962247,8877028,9228234,9260745,9115401,9323888,8318430,8825412,9334541,9163282,8949036,8700338,8756020,9411937,8518228,8712697,9186685,9206417,9340835
7065637,7836292,9110725,8887143,8631103,7792125,7571306,7702892,7865578,7558835,7233975,7483965,7506151,7895424,7539631,7617012,7765018,8260893,7421575,8302101,8352964,8042120,8132176,8171479,7752600,8117559,7770151,7797678,7496888,8095940,7779034,8131825,7949677,8010679,8355407,8051180,8341732,8117314,7954150,8341270,7870153,8584130,8051028,8171483,9021494,9009721,9009720,8464270,8095488,8037289,8645837,8209272,8326943,8090797,9305182,9367298,9380040
7499872,8156000
8286561,8596205,9207012,9179773,9243175,9279073,9067821,9096786,9074778,8851307,9139744,9388325
6961508,8426021,8734945,8426020,8385705,8265442,8165439,8467650,8031997,8041168,8041167,8081853,8145026,8145027,8600206,9244220,8488931,8805143
8434282,9402496,9085902
8027883
7095917
7994609,9082638,8988852,8546913,9202784,8653844,9349786,8941974,9406604,8558350,8902004,9270247,9418788
7122935,9287674,7564160,9287675,7880363,9293880,7990018,9293879,8179014,8546993,9293881,9350130,9287676,7608970,8049392,8618713,8922092,9178327,9099827
8212094,8859832,8575409,8629308,9133080,8558042,8581013,9061951,8592638,8536390,9206092,8785709,9068126,9328303,8969259
8381573,9250227,9417232,9228997,9239323,9192334,9250228
7670536
8158346,9133511,8394586,9388463,9121062,9410200,9121060,9127314,9410199,9388464,9297042,9255292,9115163,9150896,9146248,9255265
8268299
8346894
8408343,9333130,9351889
7806360,8869720,9051151,9132987,8371145
8379801,8908838,8917822,9131045,8917821,9336689,9191789,9324324,9247052,9357064,9197745,9258415,9380150,9374536
7544094,8157589,8690603,8172612,7946199,7982480,8506325,8029316,8444433,8287310,8313345,8506326,8573996,8562366,8597041,8647136,8801448,8192237,9419389,8287320,8444445,8323060,8313353,8272893,8002579,8568164,7997930,9124046,9166348,8079860,8152551,8888526,8167636,8167635,8323053,8382517,8167646,9071019,8920182,8529279,8550835,8858251,8920192,8337229,8915754,8414322,8011955,8398421,8469739,8157588,8342879,8465322,9153917,8366481,8485845,8480430,8480431,8475205,8469740,9017101,8388377,8348697,9203167,8758050,8753147,8591244,8568167,9190744,9147955,8864519,9362634,9136654,9407016,9287659,9011168,9147963,9153911,9172154,9130281,9172157,9048599
7555104,8213578,9131045,8908838,8917822,8917821,9336689,8515024,8610755,9191789,9324324,9247052,9357064,9197745,9258415,9191494,9380150,9374536
8452646,8620736,8626608,8671012,8744900,8756097,9037515
7499946,8145703,8732155
7333937,7590557,7922083,8452611,7904306,8930216,7905399,7970626,8799148,8626646,7949543,9251541,8364588,8001042,7991689,9256904,8412593,8930262,9147042
8266044,8868461
7003082,8213578,7555104,8908838,9131045,8917822,8073920,7472091,7640006,7441016,8527421,7660398,7881441,8917821,8416925,8442197,8621011,9336689,8515024,9191789,9324324,9357064,9247052,9197745,9258415,9191494,9380150,9374536
8185408,8930216,9251541
8601154,9356899,9380106,8782726,9256885,9282359,9348820,8904465,8904464
8176267,8683147,9213636
8468038
6970183,9301237,8209462,8184169,7782363,8610786,9344481,8700769,8392552,7346661,7548653,7812856,8583027,7884855,8270895,7826877,8750784,8319845,8086184,7620426,8090321,7796162,8401460,8804916,8966044,8126276,8190730,7190882,7650470,7549161,8564678,7272179,7370356,7933989,7519000,7683929,7546603,8230374,8599266,8111289,8035629,8797260,8313380,8976265,7623115,8686939,8570378,7760248,9381424,9393487,8188968,8429416,7552340,7600130,7366913,9432638,9414030,8803969,7684618,7221802,7339608,9177387,8614741,7451473,7528881,7817716,8072470,8140013,9264973,7436797,8144622,7742625,7221442,7874917,8303411,7646372,8758132,7883415,8251820,7205891,7313405,7663689,8010631,7373395,8335842,7840984,8427538,7526322,8547401,7760721,8750513,8752106,8750509,8842179,7840982,8085309,7623155,8610772,9407877,7856558,8248226,7707622,8209751,7669236,7702911,7770018,7979716,8368757,7886155,8442437,7848703,8363898,7627138,9247110,8068642,8755567,7397369,7696870,9355540,7826074,8086088,7944470,7765573,7643056,8612591,8073931,8086703,8086702,9059863,8996665,8988221,8122131,9172553,9191228,8209400,8819178,8478844,8825871,8473619,8713132,7940432,7583815,8156153,7920753,7729539,8160574,7315243,7817816,8520069,8081073,9189934,7710455,7925769,7954130,8402322,9122643,8854459,8830326,7853945,7596615,7703996,7720038,7690569,8185618,8380190,8714444,7848830,8055359,9336633,8662386,8635441,9294738,7953571,8224616,8471904,7752255,8781151,8310656,7801364,9268957,8756436,8587661,9412248,8065197,7736072,8810656,7840130,7843336,8516530,9306809,8144944,8026825,8531286,7986228,8793302,8223205,8773266,8542907,7916174,8593527,8918461,8314838,8872916,9277165,8714449,8840470,8368753,8255896,8412238,8855683,8610576,8237551,8323106,8848924,8013730,8125184,8169483,8503972,8547433,8287373,8558888,8368754,8527657,8342963,9426720,8393964,8142288,8961313,9153111,9386281,8810657,8675066,8675071,8937661,8520072,8577083,8531523,8704903,9325894,8787201,9065532,9270364,8380889,9144143,9183560,9153083,9349276,8854474,8478987,9172755,8970349,9378633,9064394,9024734,8755606,8855427,8832593,9298176,9065954,9160876,9191632,8934754,9071807,9041812,9336663,9411072,9287727,9419975,9075292,9253452,9412247,9158974,9354794,9224044,9213903,9420331,9179105,9179058,9082018,9170707,9369446
7269576
7590602,8712918,9396469,7988553,8041338,8506393,9192854,8262465,8454423,8630951,8706626,8306910,9398018
8062968,8373276,8704364,8704384,9306302,8957512,8869088,8618648,9026872,9024440,9245872,9326372,9370103
7663061,8729394,9117566
7631191,8302211,8505075,8438647,8381294,8015606,8335920,8321953,8266378,8639873,8543764,9083665,8601071,8136148,8595809,8327422,8745365,8683088,8738908,8930708
7603674,8478602,8296167,7904119,8712813,8996394,8185916,8161323,8688700,8296104,8429467,8260871,8255182,8239167,8135988,8135995,8271417,8875306,8966465,8538998,8560938,8782604,8667031,9305238,8996658,8271609,9122520,8799319,8332654,8935293,9129255,8417656,8140898,8856737,8869108,8612377,9305057,9058360,8959106,9395965,8527985,8677309,8429622,8572618,8819055,8806475,8713049,9110945,9189280,8990416,9329975,8516110,9118553,8954942,9020883,9262479,9286352,9292574,9256646,9361308,9098587,9047249,9390135,9262258,9418113,9244978
8352357
7461353,8204911,7865528,7640498,9304837,8418075,7653875,7725815,8396849,8547355,8669950,8531423,8842074,7864163,9128596,8214768,9367232,8839117,8448090,8346893,9423905,8866766,9405371,9400558,8686951,9335824,8132109,8806331,9053076,9058310,8935607,8438504,8736561,9417787,8539338,8863039,9069459,8965410,9078096
7930237,8352357,8521642,8635150,9129324
7566960,8541690,7812446,7906733,7982137,8481861,8395902,8344521,8912499,9332629,9219039,8618648
6883446,7412936,7325502,7373891,8108062,7980188,7207281,7806063,7620472,8191492,8683932,8925473,7984681,8528491,8606390,8082866,8985038,8893633,9115451,8695517,9096962,8857355,9315932,9133572,8904947,9394640,9127383,8960112,9228279,9074309
8402281,8770371,8807317,9406056
7124088,7877269,8176145,8095399,7395219,8566127,8005734,8132016,8607060,8612262,8667295,7890355,8457991,8285638,7720733,8556723,8977566,8965803,8566111,8271365,7890419,8096882,7958047,7774275,7991691,7685063,8060829,8512143,8140360,7774218,7469215,7917371,7720687,7937314,8473382,8630768,7859392,9067565,8890717,8032396,8554585,7885832,7899610,9308892,9026267,7945499,7945513,8266055,7949601,8825277,8666590,9129460,7999670,8271308,9117246,8577703,8818618,8447636,8108298,8103573,8229830,8103571,8788383,8065170,8756133,8209197,8015092,8890673,7876205,8543425,7881978,8359257,8494882,8805705,8175947,8224673,8359258,8484051,9183593,8433588,8688180,8265962,8359214,8508349,8686841,8581712,8581713,8659404,8963702,8275640,8489433,8928495,9164957,8581711,8928470,8781900,8843409,8626537,9142065,9208624,9123231,9035756,8928471,9378480,9045103,9013333,9384665,9251628,9172477
7986426
8224381,8712471,9118794,9286853,9355611
8464767
7990018,8179014,8546993,9293880,9293879,9287674,9287676,9287675,9293881,9350130,9178327,9099827
7664516,8457670,8155679,8909545,8359234,8156005,8423412,9124605,9420560,8799361,8751589,8542097,9306898
7633673,9055868,8848282,8391660,8670642,9400215,8055108,8971681,9077146,9066736,8976446,9060674,8818160
7417354,9287675,9293881,7990018,8179014,9293880,8546993,9293879,9350130,9287674,9287676,7880362,9099827,9178327
8298123,8658878,8758201,9028368,8690735,8784270,9039572,8672852,8485982,9174085
8326924,9002934,8671140,8832186,8930449,9348846
8273183,9133639,8943632,9366049
8401682,8826133
6963859,7131144,7073197,9336366,7747873,8327453,7406593,7991995,8584249,7917965,8973160,7287159,8280818,9009076,8767960,8180050,8117094,8661247,8699705,8887254,8695106,8677146,8868436
8019479,9399992,9328727,9371829,9404500,9051930,8667783,8992182
7135641,8536455,7977575,7663061,8497428,7696438,8729394,7534964,7405360,7964797,8455762,8198536,7772494,8030571,7696437,7342172,7897875,7795539,8344255
8061598,8794516,9178926,9208488
7171103,8734945,8426021,8426020,8467650,8031997,8041168,8041167,8081853,8145026,8145027,8165439,8265442,8385705,8600206,9244220
7713698,8088575,9133511,9169510,9255292,9297042,8796432,8889348,8298792,7883869,8969535,9175342,9115163,8845880,9121059,9217132,9399798,8889860,9146248,9322062
7477284,8086072,8488908,8643788,7982777,8004558,8094182,8688170,7576925,8723920
7980457,8266044,8682779,8620759,8380575
8019501,9102220,8229624,8820782,9008854,9043093,9022417,8892271,9177476,8292813,8423226,8762165,8412402,9081883,8428813,9111234,9041561,9298803,8965841,8532840,8643716,8239094,8676437,8648700,8841881,9393878,9114719,8725330,9336183,9360330,9279406,9280859,9014918,9235937,9367973,8914196,9189896
8251997,8758344,9037250,8768450,8548579,8977352,8738123,8915846,8672840,8708899,8663100,8679006,8512235,9204871,8956283,8523768,8439832,8602982,9301743,8562521,8747307,8753270,8696559,8550994,8764649,8500634,8591432,9265493,8753271,8821396,8628469,8942801,8945004,9314152,8556808,8574301,8608804,8685105,9180021,8814940,8673005,9186261,9101491,9168152,8790406,9198765,9066701
8079413,8496052,9309744,8459346,8899317,9127527,9109428,9163477,9062522,9181772,8622141,8997853,9074439,9097095,8955605,9316086,9334703,9010411,9103177,8490689,8590616,8839855,9404337,9217319
7267828,9096737,9221963,8293267
7518879,8947883,9218953,9347620
8200513
8402115,9420011,9189250
8361156,8758344,9180021,8574301,8608804,8685105,8814940,9186261,9101491,9168152,9387092,9132021,9198765
7650210,9102220,8019501,8820782,9008854,9043093,9022417,9177476,8892271,9084076,7944345,8106757,8810385,8400296,8027763,8370016,8972179,9230437,8436723,8275515,8112897,9026304,9342933,9152938,8290630,9114719,8841881,9393878,8725330,8457874,9079494,8736419,9371007,9365188,9123035,9426225,9129272,9139091,9171268,9177305,9177306,9180783,9189900,9193277,9215274,9229623,9229905,9230440,9285944,9346365,9288270,9348492,9104537,9335179,9423937,9372607,9128128,9292979,8897953,8510200,9428180,8798847,9279406,9316737,9367973,9285007
7630802,9102220,8820782,9008854,9043093,9022417,9177476,8892271,9084076,8892297,7908051,7756616,7831363,9026304,9342933,9152938,8290630,8552838,8712096,8841881,9114719,8725330,9393878,9079494,8863256,8705527,9083581,9277370,9225782,8514825,9036509,8718797,8903593,8848608,8989954,9154900,9177305,9171268,9139091,9129272,9177306,9180783,9189900,9193277,9215274,9104537,9229623,9229905,9230440,9285944,9288270,9335179,9348492,9423937,9365188,9372607,9371007,9426225,9123035,9346365,8897953,9292979,9079461,9367973,9430882,9376118
7840420,9286442,8670998,9129054,9037578,9110958,9171048,9183262,9430617
8239451
7092957,7890376,8856038,7383125,7536025,8655595,7917292,9213994,8649567,8077927,8542884,9105070,7890509,8538918,8078594,9070176,8626789,8463655,7729953,8463656,8373879,8255418,8875035
7731558,8864546,8308320,8632214,8517789,8616720,9285085,8764220,8608513,9400569,8371894,9155975,9061216
7351410,9370556,8900552,8859498,8492338,8563691,8785168,8536148,8545837,9283181,9320711,9220677
8145268,8712471,9118794,9286853,9355611
7831926,8533628,8145995,8842074,8669950,8531423,8547355,8214768,9367232,8726150,8645823,9143343,8281361,8438504,8736561,9141724,8356071,8645491,8732571,8941675,9021383
8077176,8624958
8195578,8712918,8917869,9087432
7733371,9082456,9041826,9191611,8681225,9167195,8253821,8233042,7995119,9076208,8964054,7843487,8274548,8547433,9179105,9179058
8036988,8249982,8504472,8756153,9235831
