7783299,6912395,6839022,8355364,7031722
7591303,6886356,7150159
8313353,7479035,7794275,3963321,6994588,7845978,8152551,7329149,7674132,7749022,7635283,7632143,8079860,7077699,7462068
7587469,7056289
8317070,7694865,8056788,8875972,7308998,8360296,8016176,8061576,7467740,7303108,8939343,7097089,9078653,7891534,8205781,8141762,8033438
8058897,7157937,7068072,7362133,7673273,6992503,6870397,7619441,7265578,7930661,7126372,7218137,7340596
8037158,8126722,7102996,7930416,7117266,7627658,7197547,7194468,7093019,6999987
7790869,6849745
7032089,7809691,7188125,7627612,6950833,7788521,6877016,7565661,7860836,7206911,8214612,6981114,7653668,7007044
6931558,6920555,7240188,7155463,7206970,7941470,7487343,7137034
8381473,4286003,4095388,7096632,4242389
8312226,7171469,7272613,7337214,7404201,8176186,7035847,7644230
8394405
8394406
7203752,7146404,8315198,7072956,7483984,7324473,7069319,8060389,6944677,7197321,8095124,8073565
8521642,7130815,6839690,7747473,6839683,6892186,7191147,7197475,7251620,7637426,7870066,7366684,7702540
8323630,6936640
8121904,6901430,6992794,7016865,7246110,7856376,6992786
7899704
7250105,7407811,7112265,6875327,3971366,6881322,7225008,7122110,7144485
7664701,8245044,7610216,7016875,7249093,7395241,7467141,7499886,7051002,7366703,6879965
6857022,6874023,6868426,7500178,8099660,7080070,7975019,7975020,6968513
7347011,7870682,8490299,8448474,6910288,7774956,7347011,8959959
7653572
8014917,7181370,6885920,7689394,7406399,7184866,7079982
8187334,7503933,7063725,7534254,6890355,7396365,6923814,7655046,7749270,7125425,7758648,7291149
8108492,8660853,7047558,7930416,7197547,7117266,7194468,7178096
7024205,7181225,7245926,6882313,6839022,6990472,7218940,7363024,7366795
8287320,7255598,7794275,3963321,7845978,7329149,7806725,8152551,7674132,7749022,7077699,7635283,7632143,8079860
7093086,7383405,6948094,6877109,7899788,7073017,7178050,6851074,8046550
7348575
7840486,7379919,7571142,7356837,6980970,7184980,7058611,7469233
7818214,7376613,7975020,7599856,7975019,7042585
7999721,6919821,6871144,6850188
7577970,7380258,7313808,7127736,6895170
8323060,7255598,7794275,6994588,3963321,7845978,8152551,7329149,7674132,7749022,7635283,7077699,7632143,8079860
8065352,7085820,7340410,7570261,6968513,7076452,7228298
7057026,7053207,7034133
7024387,7356498,7685052,7389263,7035819,7720742
7228429,7102509,8823795,7046985,6928148,7103152,6853302,6894609,7262690,7688952,6977585,8064412
8479246,7769827,7631330,6868415,7631327
6981007,7412489,7325027
7139736,7249107,6895503,7133845,7100199,7120800,7095854,7757101,6973444,7136838,7051005,7383205,7209892,7039615,7024393,7222104,7149722
7141906,7365470,4189204,4355254
7877269,7194436
8444696,7410501,7137997,7837732,6974480,6991653,7575580,7118598
8155679,7526278,7792257,7747264
7921186,7056289,7475019
8438055,7975150
7155241,6917917,6977921
7056712
8033458,7062468,6882979,7083095,7003500,7647278,7318047,7076468,7209892,7149722,6974076,7209893,7475246
7319740,7289796,7254227,7016481
6998973,7408453,6838985,7650210,7693626,6914523,7880594
7516484,7597250,8483758,7762470,7458825,7249266,7296098
8457670,7505920,7526278
7774280,7359517,7043454,7353402,6963859,7891007,7080043,7577999,7720767,7213266
7566537,7572582,7053207,7034133,7405281,6875858,7592435
8213578,6983171,7305068,7016481,6950501
8388941,6936640
8118221,7003500,6882979,7647278,7076468,7083095,7318047,7149722,7209892,6974076,7209893,7475246,7200578
7617116,6915265,7069227,7072842,6952695,7346522,6988075
7062749,7539637,7111010,7657471
8318430
8090598,7356392,6972669,8473148,7859392
7977575,4323721,4081602,4375009,7332676,4468089
7463151,7941184,7589616,6892052,7420465,7274909,7503489
8283505,7074603
7023913,8073921,7075567,7302481,7124427,7062291
8088575
7860222,7006605,7149296,7039165,7133869,7689505,7127058
7276543,7200310,7317858
7523072,6895503,7069451,6973444,7136838,7133845,7051005,7383205,7095854,7757101,7039615,7209892,7024393,7149722,7222104
7191299,7467265,7069402,7096331,7516287,7107395,7103619,7043665,7197615,7284150,7627612,7206911,7657578
8364295,7079807,7076202,6876901,7499630,7283059,6990312,8050652,7065287
8180489,7406363,4275448,6904926,8130107
6888204,4396437,4277320
8635150,6892186,6839690,7191147,6839683,7197475,7251620,7637426,7870066,7366684,7702540,7693748,6925446
7542035,7123777,7439975
8408598,4128137,4362311
8370583,6895429,7272613,7404201,8176186,7035847,7644230,6952737,7266555
7110936,7536294,7370315,7802230,7409679,6924797
6871325,7313757,7503012,7877682,7200809,6848077
7516192,7056289,7475019
7912740,7139728
8179014,3949466,4189204,4355254,6837751,7608970
8051011,7058611,7003501,7318047,7430537,7895122,6941282
7712683,4040568,7021494,7367361,6874771,7611033
7942317,7003500,7083095,7062468,7647278,7318047,7076468,7475246,6882979,6974076,7149722,7209893,7209892,7200578
6948021,6961242,7137020,6895480,7461274,7340620,6950895,6934786,6904482
7655226
8013884,7298885,7374907
8095413,7159178
7945539,7269604,7107419,7596713,7328225,7065618,6983296,6934725,7814149,7124305
8140358,7003289,8027843,7502672,8463487,6853894
8304588,7074603
7356498,7146336,7231363,7162448,7028007,7197483,6968318,7613647,7685048,7596528,7177833
8195415
7065637,7536686,7152109,7949677,7093247,7463648,6842769,7124289,7133906
7499872
8286561
6961508,7317858
8434282,4095388,4242389,7096632
8027883,7376613,7117227,7599856,7975020,7975019
7095917,4355323,6912078
7994609,6980414,7714357,7009832,6903918,7154734,7067909,7161228,7701057
7122935,7365470,4189204,4355254
8212094,7888542,8026401,7459597
8381573,7119695,7787857,7378954,7936262,7301465
7670536,4094621,3973892,4473346
8158346,7034133,7405281,7592435,6875858
8268299,4489097,6936640
8346894,7102996,8660853,7047558,7930416,7117266,7178096,7197547,6999987,7194468
8408343,7451848
7806360,4340187,4432198
8379801,7693267,7006604,7672436,6873951,7164753,7369988,6990179,7280651
7544094,7029304,8079860,6893290,7077699,7329149,7112093,7252546,7264502,7182639,7462068,8323053,4342496
7555104,7164753,6895257,7254227,7170977
8452646,8099318,8140402
7499946,7570261,7085820,7340410,6968513,7228298
7333937,7814005,6879959,7136467
8266044,7428506,7099843,7146336,7162448,7613647,7231363,7197483,7685048
7003082,7289796,7254227,7016481,7305068
8185408,7814005,7818228,7925518
8601154,6845230,7548756,7240095,7478414,7113773,7171222
8176267,8046528
8468038,7835971,7139728
6970183,7102509,7627665,8144184,7323980,7302481,8139098,8144183,7123142,7187279
7269576
7590602,7433845,7356505,7430537,7058611,7318047,7003501,6941282
8062968,7222420,6914322
7663061,4375009,4081602,7332676,4468089
7631191,6898577,7137006,7603703,7861077,7039805,7266684,6879965,6990585,7562222,7360079
7603674,7539637,7218980
8352357,6892186,7191147,6839690,6839683,7197475,7251620,7870066,7637426,7366684,7693748,7702540,6925446
7461353,7149982,7194697,6986105,7185069,7636792,7210100,7234107,7222306,6983331,7219309,7739658,7814425
7930237,7191147,6839690,6892186,6839683,7197475,7251620,7637426,7870066,7366684,7693748,7702540,6925446
7566960,7701052,7222420,6914322
6883446,4408554,7325502,3970014,3957004,4216732
8402281,7322047,7380267,7216125,7146644,8176563
7124088,7194436,7315841
7986426,7107516,7243079
8224381,7376441,7486337
8464767,6964386,7040559,7025293,6978954
7990018,7365470,4189204,4355254,6837751
7664516,7603106,6993326,7558559,8254880,8224353,8423408,7792257
7633673,6986738,6837849,7591783,7074182
7417354,7365470,3949466,4189204,4355254,6837751
8298123,7044891,6991586,6918858,6852069,7931563,6976958,8200323
8326924,7454364,8452790,7644088,7072857,7319976,7110993,7080070,7062452,8140442,6915275
8273183,4208752,4188673,4253608,4349039,3949442
8401682,7568213,6859845,7076202,7079807,6876901,7283059,7499630,6990312
6963859,7069451,7249107,6895503,6973444,7133845,7136838,7051005,7383205,7095854,7757101,7039615,7024393,7209892,7149722,7222104
8019479,4118148
7135641,6855889
8061598,7003500,7076468,6882979,7647278,7318047,7149722,7083095,7209892,6974076,7475246,7209893,7200578
7171103,7010206,7200310,7317858
7713698,6849745
7477284,7605776,7466336,7429997
7980457,7162448,7028007,7146336,7613647,7231363,7685048,7197483,7596528
8019501,6998988,7260461,7321306,7979173,6919803,8260537,7647180,7134687,8000897
8251997,7115128,7500977,7361193,7316686,6921403,7608077,7166110
8079413,7513311,4153109,6857473,7909110,7552779,7810558,7900696,7740079
7267828,6843784,3932627,4391799,4323557
7518879,7069370,7021971,7307849,7540786,7004794,7009846,7938659,7269004,7359208,7815469,7259967,7172460,7052287,7500861
8200513,7835971,7139728
8402115,7032168,7975020,6915519,7975019,7107548,8214747,7203948,6901595,6859910,7130888,7107543,6895387
8361156,7063725,6890355,7396365,7655046,7662186,6923814,7291149,7749270,7837732
7650210,6919803,7260461,7979173,6998988,8260537,7647180,7134687,8000897,7243945
7630802,7359782,7979173,6998988,7260461,8260537,7647180,8000897
7840420,7344496,7618368,7310668,7853455,6849045
8239451,7454364,8452790,7319976,7110993,7644088,7072857,8140442,7080070,6915275,7062452
7092957,7085820,7340410,7191210,7570261,7228298,6968513
7731558,4248010,7846002,7726839,7833077,7255624
7351410
8145268,7376441,7486337
7831926,7234107,7636792,7194697,7016062,7222306,7109985,7219309,6983331,7210100,7496497
8077176,7643025,7439975,7123777
8195578,7433845,7356505,7058611,7003501,7318047,7430537,6941282
7733371,7075567,7302481,7062291,7124427,7702135
8036988,7571142,7379919,7184980,7058611,7469233,6980970,7483858,7398253
