8135398
8489245
6370954
7577970
7876413
5592555
6233571
9009060
5361201
7908304
6182078
7591303
6243099
7093086
6754640
8041483
6074503
7047705
7089195
5805702
6317783
6857022
7908638
5563377
7413048
8266432
8521642
6252964
8108492
8908842
8342784
6217049
5872387
6128651
8394406
8394405
8287320
7282186
6826548
8187334
7389836
7840486
7653572
8037158
6397143
7055169
7790869
7174293
6510451
7709152
7426481
7765107
7765106
6526808
7225160
6292547
5515369
7425292
6546002
7167731
5569082
7958204
5495291
7250105
8005752
7958024
8050982
7711100
8312226
7676411
6237095
7999721
5884272
8058897
8317070
7599881
6792373
9219810
8206740
7347011
7725382
6173403
8468099
7818214
6738697
7704051
7769605
7128617
7266265
8313353
6649155
5624695
6653215
8589271
8235416
6553350
7695870
7207005
8121904
6587067
8419214
6081792
6298189
7785334
5709603
5982889
7899704
8140429
7348575
8805825
7724879
6441828
8381473
7039507
8050711
6444533
8204561
7271929
7263548
6199077
7895059
7827099
6931558
7032089
8323060
6494387
6738799
7613290
8457988
6557054
8323630
8014917
7172778
7587469
7941357
8449289
7203752
5474142
7970674
6516236
5884270
7853524
7664701
8396791
6925481
7024205
7996311
6489589
7783299
7596784
6108704
6174237
RE43435
7463151
5810029
8388941
6182894
6681003
6260168
5987434
6772057
5891453
8843120
8051287
8266015
7035914
8484111
8630942
8234184
7269854
7756794
7122199
8955029
6554204
6747002
7852994
6631449
8060435
5818836
5966440
5978791
7212999
7904374
7155241
7319740
7462552
6430603
8511550
5987500
7490151
7297364
5796967
6064970
7921186
8444696
5590642
7671070
7860222
6032137
8165939
7923311
8033458
6011040
7228429
6665003
6321201
6240088
7870249
7631336
7359884
5940510
8606632
5944839
7533056
7617116
8083137
7024387
8494917
8538805
8073557
7997267
7890416
8904464
7487772
7141906
5878400
7516484
5745574
5614906
6998973
RE43715
8794516
8479246
5779334
6810401
6501420
8273565
8103313
7579016
6698759
8370199
7276543
7734251
7439616
6918082
7260587
6397224
7610244
6757717
6065880
6982733
9037502
6343275
8156944
7757298
7739080
5862223
9081485
6326978
8438055
7099849
8468772
5527533
7582051
7113190
6744892
8090598
7441196
8311945
7693768
7062749
6436989
7890366
6673381
6044062
8231804
7056712
7899234
8219445
7752142
5490216
8283505
7627528
7774280
7877269
7023913
8118221
7566537
5424944
7977575
6981007
6451300
5639697
5817364
7698196
8515820
6563529
7057026
5412730
7904326
5949438
8213578
8088575
5620723
7139736
8155679
8457670
8318430
7899492
7956978
8065352
7806905
6421724
8266000
7930068
7051002
7567937
8140358
9203956
8179014
6625582
6422291
8121331
8146077
6871325
7734752
8408598
7772209
7314163
7994609
7942317
7072849
8768840
7122935
5837311
8027883
7840437
7065637
6294475
8214246
6110593
7191299
6948021
7542035
8438608
5495607
7761387
8305840
5544417
7178020
8843141
8304588
8364295
6163775
6411941
5590403
5434562
7095917
7953667
6162974
6443094
8374901
8209389
6584306
6888661
8396808
6678442
8424795
8286561
7945539
6314409
6430332
5924080
8738435
7516154
6918014
7765128
6115737
8645212
7904360
7356498
7712683
8189566
9215310
8352317
8095413
5530874
8799059
7516192
6670905
6888204
8195415
6502135
8013884
6034419
7359782
7912740
5664110
7523072
8036788
7693783
7909641
7110936
8744963
6961508
5997915
7159587
7860744
6985922
8041626
5995947
7584167
8572279
7839926
5965183
8370583
6007575
7340506
8635150
7783556
8346618
8152788
8020765
6418419
5845000
7117165
7827119
6724403
8434282
7273168
8180489
7499872
6306141
6006227
7945544
6658464
6716830
8336772
6963826
8212094
8904405
7655226
5572576
7783523
6513058
7783489
8051011
6766304
8671057
8217902
8408343
6286045
7797717
7806360
7810144
7908172
8224381
7849361
8352357
8464767
5972401
8185408
7505592
7603674
7269576
8474183
7566960
5686738
8158346
7424520
6675151
7945860
8402281
7685055
8731977
8285678
7162549
8379801
7856375
7590602
7986426
5949880
8313023
7485968
5704914
6258540
7003082
9075849
7663061
7813996
7461353
7949662
8583556
7134994
7783021
8452646
7925981
8268299
6029111
8041805
6526426
7357891
8601154
7631191
6702719
6240376
7333937
8095461
7124088
7818247
7976060
8646093
6404480
7670536
9300792
8423402
5841115
8606658
7202776
7558807
8266515
6612985
6611349
8346894
5969324
6883446
7194468
8176267
6415280
5576951
7418504
5936541
7298271
8326763
6834282
6999938
7555104
7668730
7062683
8224913
8346637
7499946
6581065
5544352
8381573
5862511
7254682
5743190
7493979
5909482
8756155
7389241
6970183
6772132
6151604
7490091
7577867
7194698
7930237
7544094
6635196
7856430
8086529
6515018
7697102
6871048
5895468
6384850
8468038
5816918
6778074
7356482
8380611
7334720
6046076
6996538
6218930
6935337
8161104
7346768
5411797
8062968
6233314
8515791
5191573
8285607
8266044
7664516
5910988
7980457
7831926
5414426
8301466
8402115
8473452
7171103
8370211
8719090
6002393
9053494
8001053
6704621
8239451
5339352
8444874
7921211
8251997
8589182
7092957
8068204
6054337
7783403
8195578
7633673
8200513
7840420
8077176
7477284
8145268
7483856
8019479
5746775
6455138
8061598
6438526
6624843
6438306
6791298
8881027
8296076
7733371
6339666
8018348
7577578
6771381
6328766
8489420
8326924
6950807
5894017
7731558
7512563
5478650
8361497
6209259
8052583
8098600
8036988
7351410
6669981
6947882
7267828
7752535
7135641
6738155
5825891
8294677
8083997
8838074
6600497
6237916
8361156
8330738
8527407
6603835
7424438
7461049
5518989
6594346
7516177
8464302
7630802
6323255
5632545
8001096
6193520
8019501
6953703
7713698
7383223
7650210
6771970
7349837
6105013
7412416
7614398
8036916
6216691
6799084
6974569
7335996
7518879
6963859
5678042
8079413
8220959
7254621
7107612
7417354
8273183
7516287
9203870
6092074
5893071
8401682
7860131
7792749
8676609
5796411
5832494
6607803
8353647
8298123
7603382
8285648
7010508
5793302
7990018
